[sanmartinvssarmiento.jpg]
filters=finetune2=1,0.000000,0.089825,0.165614,00000000,0.000000;finetune2=1,0.263158,0.028070,0.244211,00000000,0.543860;radblur=1,0.477005,0.446855,1.000000,-0.532164;PicnikGrain=1,17.836258,0;warm=1;unsharp2=1,0.789474;
moddate=562e64eb5136d901
width=1256
height=620
textactive=0
[CASM-scaled.jpg]
filters=finetune2=1,0.000000,0.000000,0.174035,00000000,1.000000;
moddate=18708b426236d901
width=2560
height=1438
textactive=0
