[salidasanmartin.jpg]
filters=finetune2=1,0.000000,0.000000,0.280702,00000000,0.000000;warm=1;finetune2=1,0.000000,0.000000,0.207719,00000000,1.000000;Soften=1,98.245613,25.730995;
moddate=bb81daca9b3cd901
width=1920
height=850
textactive=0
[copargentina.jpg]
filters=finetune2=1,0.000000,0.190877,0.171228,00000000,0.000000;radblur=1,0.465854,0.301518,-1.000000,0.000000;
moddate=12ae912ff83ed901
width=1920
height=1080
textactive=0
[camiseta1 (1).jpg]
filters=crop64=1,151ffc71f4db;
crop=rect64(151ffc71f4db)
moddate=4ee25b160c40d901
width=720
height=1103
textactive=0
[formacionallboys.jpg]
filters=crop64=1,f9dbfcd2;
crop=rect64(f9dbfcd2)
moddate=70ecb0d88040d901
width=834
height=564
text=1;134;11;Vs All Boys;Cambria;0.672736,0.047203,0.072240,6.283185;v1,4294967295,4278190080,128.000000,1.000000,0.130841,1.000000,700,2,49152;;
textactive=1
[pizarra.jpg]
moddate=f1fe82e98040d901
width=809
height=553
text=1;140;17;Vs Estudiantes RC;Cambria;0.602686,0.050728,0.062547,0.000000;v1,4294967295,4278190080,128.000000,1.000000,0.130841,1.000000,700,2,49152;;
textactive=1
